1 	H 	1   1.007 825 032 23
	D 	2   2.014 101 778 12
	T 	3   3.016 049 2779

2 	He 	3 3.016 029 3201
		4 4.002 603 254 13

3 	Li 	6   6.015 122 8874
		7   7.016 003 4366

4 	Be 	9   9.012 183 065

5 	B 	10 	  10.012 936 95
		11 	  11.009 305 36

6 	C 	12 	  12.0000000
		13 	  13.003 354 835 07
		14 	  14.003 241 9884

7 	N 	14 	  14.003 074 004 43
		15 	  15.000 108 898 88

8 	O 	16 	  15.994 914 619 57
		17 	  16.999 131 756 50
		18 	  17.999 159 612 86

9 	F 	19 	  18.998 403 162 73

10 	Ne 	20 	  19.992 440 1762
		21 	  20.993 846 685
		22 	  21.991 385 114
		
11 	Na 	23 	  22.989 769 2820

12 	Mg 	24 	  23.985 041 697
		25 	  24.985 836 976
		26 	  25.982 592 968

13 	Al 	27 	  26.981 538 53

14 	Si 	28 	  27.976 926 534 65
		29 	  28.976 494 664 90
		30 	  29.973 770 136


https://physics.nist.gov/cgi-bin/Compositions/stand_alone.pl


Wikipedia

Kaon: +/- 493.677±0.016  
      0 497.611±0.013  

Sigma Σ+ : 1189.37±0.07
      Σ− : 1197.449±0.030
      Σ0 : 1192.642±0.024

Eta η  : 547.862±0.018  
    η′  : 957.78±0.06  

Lambda Λ0 : 1115.683±0.006  
       Λ+c: 2286.46±0.14  
       Λ0b: 5619.60±0.17  

Xi Mass	
Ξ0 : 1314.86±0.20  
Ξ−: 1321.71±0.07  





